[gd_scene load_steps=14 format=2]

[ext_resource path="res://char/genericusMale_testanims.dae" type="PackedScene" id=1]
[ext_resource path="res://RagdollableSkeleton.gd" type="Script" id=2]

[sub_resource type="BoxShape" id=1]
extents = Vector3( 0.162899, 0.0939317, 0.159032 )

[sub_resource type="BoxShape" id=2]
extents = Vector3( 0.141594, 0.128411, 0.205795 )

[sub_resource type="CapsuleShape" id=3]
radius = 0.0553418
height = 0.299881

[sub_resource type="CapsuleShape" id=4]
radius = 0.0397747
height = 0.269002

[sub_resource type="CapsuleShape" id=5]
radius = 0.0546526
height = 0.312288

[sub_resource type="CapsuleShape" id=6]
radius = 0.0351903
height = 0.292335

[sub_resource type="CapsuleShape" id=7]
radius = 0.0721297
height = 0.124586

[sub_resource type="CapsuleShape" id=8]
radius = 0.0839627
height = 0.334069

[sub_resource type="CapsuleShape" id=9]
radius = 0.0513864
height = 0.348958

[sub_resource type="CapsuleShape" id=10]
radius = 0.0717377
height = 0.334069

[sub_resource type="CapsuleShape" id=11]
radius = 0.050714
height = 0.348958

[node name="Genericus_Obj" instance=ExtResource( 1 )]

[node name="Skeleton" parent="Genericus" index="0"]
bones/5/bound_children = [ NodePath("pelvis BoneAttachment") ]
script = ExtResource( 2 )

[node name="Physical Bone pelvis" type="PhysicalBone" parent="Genericus/Skeleton" index="2"]
transform = Transform( 1, 3.17866e-08, -9.14442e-10, 1.44278e-07, 0.223345, -0.97475, -6.76755e-08, 0.97475, 0.223345, -2.32197e-09, 0.967355, -0.0188281 )
input_ray_pickable = false
joint_type = 1
joint_offset = Transform( 1, 0, 0, 0, 1, 0, 0, 0, 1, 2.36302e-09, -1.02663e-06, 0.0448476 )
body_offset = Transform( 1, -2.4869e-13, 5.52003e-13, -3.62377e-13, 1.00001, 2.98023e-07, -8.40217e-13, -6.10948e-07, 1.00001, -2.36304e-09, 1.01328e-06, -0.044848 )
bone_name = "pelvis"
joint_constraints/bias = 0.3
joint_constraints/damping = 1.0
joint_constraints/impulse_clamp = 0.0

[node name="CollisionShape" type="CollisionShape" parent="Genericus/Skeleton/Physical Bone pelvis" index="0"]
transform = Transform( 1, 0, -1.9984e-15, 1.42109e-14, 0.961931, -0.273293, -2.13163e-14, 0.273293, 0.961931, -4.16894e-09, 0.0537824, -0.0272824 )
shape = SubResource( 1 )

[node name="Physical Bone spine_03" type="PhysicalBone" parent="Genericus/Skeleton" index="3"]
transform = Transform( 1, -4.13128e-08, 1.25583e-07, 1.59344e-07, -0.0164647, -0.999873, -8.05704e-08, 0.999873, -0.0164648, 6.59932e-09, 1.27617, -0.0501224 )
input_ray_pickable = false
joint_type = 2
joint_offset = Transform( 1, 0, 0, 0, 1, 0, 0, 0, 1, -2.24869e-08, 0.023801, 0.134994 )
body_offset = Transform( 1, -4.13128e-08, 1.25583e-07, -4.20164e-08, 0.984816, -0.17365, -1.38621e-08, 0.17365, 0.984816, 6.51726e-09, 2.01166e-06, -0.137077 )
bone_name = "spine_03"
joint_constraints/swing_span = 26.44
joint_constraints/twist_span = 20.0
joint_constraints/bias = 0.3
joint_constraints/softness = 0.8
joint_constraints/relaxation = 1.0

[node name="CollisionShape" type="CollisionShape" parent="Genericus/Skeleton/Physical Bone spine_03" index="0"]
transform = Transform( 1, -4.23516e-22, -5.29396e-23, 0, 1, 1.49012e-08, -3.59712e-14, 0, 1, 8.07743e-10, 0.0647895, -2.38419e-07 )
shape = SubResource( 2 )

[node name="Physical Bone upperarm_l" type="PhysicalBone" parent="Genericus/Skeleton" index="4"]
transform = Transform( -0.630106, 0.3399, -0.698184, -0.534192, 0.462834, 0.707425, 0.563591, 0.818706, -0.110061, 0.251812, 1.29846, 0.00996112 )
input_ray_pickable = false
joint_type = 2
joint_offset = Transform( 1, 0, 0, 0, 1, 0, 0, 0, 1, 0.00253721, 0.0215497, 0.101761 )
body_offset = Transform( 0.862329, -0.503641, 0.0525797, 0.506099, 0.85374, -0.122552, 0.0168319, 0.132289, 0.991081, 0.00331485, -0.00721096, -0.103747 )
bone_name = "upperarm_l"
joint_constraints/swing_span = 33.87
joint_constraints/twist_span = 30.0
joint_constraints/bias = 0.3
joint_constraints/softness = 0.8
joint_constraints/relaxation = 1.0

[node name="CollisionShape" type="CollisionShape" parent="Genericus/Skeleton/Physical Bone upperarm_l" index="0"]
shape = SubResource( 3 )

[node name="Physical Bone lowerarm_l" type="PhysicalBone" parent="Genericus/Skeleton" index="5"]
transform = Transform( -0.450912, -0.0764367, 0.889301, 0.577231, 0.734976, 0.355853, -0.680809, 0.673784, -0.287286, 0.426399, 1.10853, 0.127957 )
input_ray_pickable = false
joint_type = 3
joint_offset = Transform( 1, 0, 0, 0, 1, 0, 0, 0, 1, 0.156496, -0.0106991, -0.00499388 )
body_offset = Transform( -0.100851, -0.392888, -0.914051, 0.0560804, 0.915027, -0.399497, 0.993329, -0.0915484, -0.0702477, 0.00701451, -0.00098145, -0.156782 )
bone_name = "lowerarm_l"
joint_constraints/angular_limit_enabled = true
joint_constraints/angular_limit_upper = 6.43
joint_constraints/angular_limit_lower = -96.43
joint_constraints/angular_limit_bias = 0.3
joint_constraints/angular_limit_softness = 0.9
joint_constraints/angular_limit_relaxation = 1.0

[node name="CollisionShape" type="CollisionShape" parent="Genericus/Skeleton/Physical Bone lowerarm_l" index="0"]
transform = Transform( -0.0871557, -2.98023e-08, 0.996195, 5.58794e-08, 1, 2.98023e-08, -0.996195, 1.234e-08, -0.0871558, 0, 0, 0 )
shape = SubResource( 4 )

[node name="Physical Bone upperarm_r" type="PhysicalBone" parent="Genericus/Skeleton" index="6"]
transform = Transform( -0.173699, 0.665015, 0.72636, 0.437716, -0.608581, 0.661854, 0.882184, 0.432901, -0.185375, -0.245979, 1.30016, 0.00206914 )
input_ray_pickable = false
joint_type = 2
joint_offset = Transform( 1, 0, 0, 0, 1, 0, 0, 0, 1, 0.0381157, -0.00163984, 0.0925166 )
body_offset = Transform( 0.357986, -0.928521, -0.0985538, 0.906664, 0.370897, -0.201027, 0.223209, -0.0173907, 0.974622, -0.00604963, -0.0153516, -0.098705 )
bone_name = "upperarm_r"
joint_constraints/swing_span = 45.0
joint_constraints/twist_span = 45.0
joint_constraints/bias = 0.3
joint_constraints/softness = 0.8
joint_constraints/relaxation = 1.0

[node name="CollisionShape" type="CollisionShape" parent="Genericus/Skeleton/Physical Bone upperarm_r" index="0"]
shape = SubResource( 5 )

[node name="Physical Bone lowerarm_r" type="PhysicalBone" parent="Genericus/Skeleton" index="7"]
transform = Transform( 0.456194, 0.749371, -0.479944, 0.562548, -0.660747, -0.49696, -0.689525, -0.0432806, -0.722978, -0.444133, 1.09277, 0.152139 )
input_ray_pickable = false
joint_type = 3
joint_offset = Transform( 1, 0, 0, 0, 1, 0, 0, 0, 1, 0.19031, 0.0110615, 0.00663558 )
body_offset = Transform( 0.0876646, -0.993841, 0.0679108, 0.0441562, -0.0642296, -0.996964, 0.99518, 0.0903964, 0.0382527, -0.00614071, -0.00107747, -0.190647 )
bone_name = "lowerarm_r"
joint_constraints/angular_limit_enabled = true
joint_constraints/angular_limit_upper = 25.71
joint_constraints/angular_limit_lower = -106.07
joint_constraints/angular_limit_bias = 0.3
joint_constraints/angular_limit_softness = 0.9
joint_constraints/angular_limit_relaxation = 1.0

[node name="CollisionShape" type="CollisionShape" parent="Genericus/Skeleton/Physical Bone lowerarm_r" index="0"]
transform = Transform( -0.0871557, 5.96046e-08, 0.996195, 3.05008e-08, 1, -2.98023e-08, -0.996195, 2.23517e-08, -0.0871558, 0, 0, 0 )
shape = SubResource( 6 )

[node name="Physical Bone neck_01" type="PhysicalBone" parent="Genericus/Skeleton" index="8"]
transform = Transform( 1, 1.10248e-12, -1.16337e-10, 1.4912e-07, -0.349687, -0.936866, -4.22079e-08, 0.936867, -0.349687, 2.12894e-08, 1.532, 0.0295824 )
input_ray_pickable = false
joint_type = 2
joint_offset = Transform( 1, 0, 0, 0, 1, 0, 0, 0, 1, -2.12013e-08, 1.17484e-06, 0.0515788 )
body_offset = Transform( 1, 1.09953e-12, -1.16336e-10, -3.87599e-09, 1, 1.49012e-06, 4.80666e-09, -1.3411e-06, 1, 2.12073e-08, -1.2517e-06, -0.0515788 )
bone_name = "neck_01"
joint_constraints/swing_span = 45.0
joint_constraints/twist_span = 70.0
joint_constraints/bias = 0.3
joint_constraints/softness = 0.8
joint_constraints/relaxation = 1.0

[node name="CollisionShape" type="CollisionShape" parent="Genericus/Skeleton/Physical Bone neck_01" index="0"]
transform = Transform( 1, -8.47033e-22, 0, -1.42109e-14, 1, 0, 8.88178e-16, 0, 1, -1.00443e-08, -5.96046e-08, -0.0774113 )
shape = SubResource( 7 )

[node name="Physical Bone thigh_l" type="PhysicalBone" parent="Genericus/Skeleton" index="9"]
transform = Transform( 0.0935516, 0.207533, 0.973756, -0.993225, -0.0483235, 0.105722, 0.0689951, -0.977043, 0.201606, 0.125869, 0.713756, 0.0101409 )
input_ray_pickable = false
joint_type = 3
joint_offset = Transform( 1, 0, 0, 0, 1, 0, 0, 0, 1, -0.206365, 0.00385659, 0.00116708 )
body_offset = Transform( -0.00229675, 0.605896, 0.795554, 0.0162957, 0.79547, -0.605791, -0.999869, 0.0115726, -0.0117003, -0.00373913, 0.00100207, -0.206369 )
bone_name = "thigh_l"
joint_constraints/angular_limit_enabled = true
joint_constraints/angular_limit_upper = 70.0
joint_constraints/angular_limit_lower = -10.0
joint_constraints/angular_limit_bias = 0.3
joint_constraints/angular_limit_softness = 0.9
joint_constraints/angular_limit_relaxation = 1.0

[node name="CollisionShape" type="CollisionShape" parent="Genericus/Skeleton/Physical Bone thigh_l" index="0"]
transform = Transform( -4.74975e-08, 0, -1, -2.98023e-08, 1, 7.45058e-09, 1, 1.49012e-08, -4.09782e-08, 0, 0, 0 )
shape = SubResource( 8 )

[node name="Physical Bone calf_l" type="PhysicalBone" parent="Genericus/Skeleton" index="10"]
transform = Transform( -0.108297, 0.381742, -0.917909, 0.992592, 0.0927967, -0.0785152, 0.0552059, -0.919609, -0.388959, 0.164961, 0.295409, 0.00881246 )
input_ray_pickable = false
joint_type = 3
joint_offset = Transform( 1, 0, 0, 0, 1, 0, 0, 0, 1, 0.210223, -0.00240661, -0.0109313 )
body_offset = Transform( -0.00134054, 0.369964, -0.929053, -0.0285023, 0.928665, 0.369849, 0.999601, 0.0269758, 0.00929945, -0.00898358, 0.0122697, -0.209973 )
bone_name = "calf_l"
joint_constraints/angular_limit_enabled = true
joint_constraints/angular_limit_upper = 110.0
joint_constraints/angular_limit_lower = 0.0
joint_constraints/angular_limit_bias = 0.3
joint_constraints/angular_limit_softness = 0.9
joint_constraints/angular_limit_relaxation = 1.0

[node name="CollisionShape" type="CollisionShape" parent="Genericus/Skeleton/Physical Bone calf_l" index="0"]
transform = Transform( -4.23752e-08, 5.58794e-09, -1, -7.45058e-09, 1, 9.31323e-09, 1, 7.45058e-09, -4.79631e-08, -2.98023e-08, 5.58794e-09, -0.0236136 )
shape = SubResource( 9 )

[node name="Physical Bone thigh_r" type="PhysicalBone" parent="Genericus/Skeleton" index="11"]
transform = Transform( 0.0985273, -0.0974781, -0.990363, 0.994369, -0.0295896, 0.101839, -0.0392307, -0.994814, 0.0940129, -0.123814, 0.712753, -4.90993e-06 )
input_ray_pickable = false
joint_type = 3
joint_offset = Transform( 1, 0, 0, 0, 1, 0, 0, 0, 1, 0.206552, 4.65661e-08, 0.00508587 )
body_offset = Transform( 0.0149677, -0.515571, -0.856737, -0.0410598, 0.855793, -0.515729, 0.999053, 0.0428956, -0.00835811, 0.00126566, 0.0111039, -0.206314 )
bone_name = "thigh_r"
joint_constraints/angular_limit_enabled = true
joint_constraints/angular_limit_upper = 10.0
joint_constraints/angular_limit_lower = -70.0
joint_constraints/angular_limit_bias = 0.3
joint_constraints/angular_limit_softness = 0.9
joint_constraints/angular_limit_relaxation = 1.0

[node name="CollisionShape" type="CollisionShape" parent="Genericus/Skeleton/Physical Bone thigh_r" index="0"]
transform = Transform( -5.21541e-08, -7.45058e-09, 1, 0, 1, 0, -1, -1.49012e-08, -5.96046e-08, 0, 0, 0 )
shape = SubResource( 10 )

[node name="Physical Bone calf_r" type="PhysicalBone" parent="Genericus/Skeleton" index="12"]
transform = Transform( 0.0671621, -0.189401, -0.979614, 0.997667, 0.0251712, 0.0635344, 0.0126241, -0.981602, 0.190647, -0.186424, 0.274341, 0.00996755 )
input_ray_pickable = false
joint_type = 3
joint_offset = Transform( 1, 0, 0, 0, 1, 0, 0, 0, 1, 0.232401, -0.0174553, -0.0165362 )
body_offset = Transform( -0.0391941, -0.170279, -0.984638, 0.0149458, 0.985189, -0.170973, 0.999125, -0.0214178, -0.0360651, -0.0101457, 0.0108961, -0.233168 )
bone_name = "calf_r"
joint_constraints/angular_limit_enabled = true
joint_constraints/angular_limit_upper = 110.0
joint_constraints/angular_limit_lower = 0.0
joint_constraints/angular_limit_bias = 0.3
joint_constraints/angular_limit_softness = 0.9
joint_constraints/angular_limit_relaxation = 1.0

[node name="CollisionShape" type="CollisionShape" parent="Genericus/Skeleton/Physical Bone calf_r" index="0"]
transform = Transform( -5.26779e-08, 7.45058e-09, 1, -3.72529e-09, 1, -5.58794e-09, -1, -3.72529e-09, -3.70783e-08, 0, 0, 0 )
shape = SubResource( 11 )

[node name="pelvis BoneAttachment" type="BoneAttachment" parent="Genericus/Skeleton" index="13"]
transform = Transform( 1, 3.17865e-08, -9.14994e-10, 1.44277e-07, 0.223342, -0.97474, -6.7675e-08, 0.97474, 0.223342, 0, 0.92364, -0.0088126 )
bone_name = "pelvis"

[node name="pelvis BoneAttachment Area" type="Area" parent="Genericus/Skeleton/pelvis BoneAttachment" index="0"]

[node name="pelvis BoneAttachment CollShape" type="CollisionShape" parent="Genericus/Skeleton/pelvis BoneAttachment/pelvis BoneAttachment Area" index="0"]
transform = Transform( 1, -9.23706e-14, 6.00076e-13, -3.55271e-13, 0.961941, -0.273296, -8.84626e-13, 0.273295, 0.961941, -6.53201e-09, 0.053784, -0.0721308 )
shape = SubResource( 1 )
